0 0.58 0.13 0.228 9 330 280 365 265 410 265 440 267 465 278 465 293 450 285 370 290 335 300 контур глаза
0 1 1 1 14 333 282 363 268 398 267 398 286 372 287 337 297 400 267 430 269 440 270 464 280 464 290 450 289 425 286 400 286 глаза
0 0.35 0.1 0.35 7 330 270 330 282 270 280 268 277 267 274 268 272 270 268 оправа
0 0.35 0.1 0.35 5 460 277 460 265 510 240 513 247 510 252 оправа
0 0.58 0.13 0.228 9 340 230 350 222 365 215 380 214 383 220 380 225 365 228 350 235 340 237 левая бровь
0 0.58 0.13 0.228 7 410 220 435 222 450 225 452 230 450 235 410 230 408 225 правая бровь
0 0.58 0.13 0.228 9 390 308 398 305 408 306 407.5 314 406.5 316 404 321 399 323 394 318 391 313 нос
0 0.58 0.13 0.228 4 399 321 402 321 404 333 402 333 над губой
1 0.35 0.1 0.35 9 410 368 400 360 382 328 370 320 385 330 403 333 440 320 427 327 419 340 4 контур рта
0 0.663 0.07 0.13 6 414 349 396 350 386 332 403 335 427 326 400 340 рот
0 0.8 0.1 0.23 4 409 366 400 358 396 350 414 349 язык
