0 0.22 0.133 0.216 3 273 328 167 257 357 189
0 0.22 0.133 0.216 3 273 268 224 152 436 187
0 0.22 0.133 0.216 3 269 244 364 103 460 205
0 0.22 0.133 0.216 3 318 208 523 136 513 251
0 0.22 0.133 0.216 3 401 182 597 228 531 306
0 0.38 0.247 0.545 3 272 324 172 258 357 191
0 0.38 0.247 0.545 3 275 266 228 155 436 189
0 0.38 0.247 0.545 3 270 248 364 106 459 208
0 0.38 0.247 0.545 3 318 211 520 139 510 251
0 0.38 0.247 0.545 3 401 185 593 229 527 306
0 0.58 0.13 0.228 6 351 395 328 438 340 450 393 450 403 440 384 395
0 0.58 0.13 0.228 6 416 396 392 439 404 451 457 451 467 441 448 394
0 0.87 0.4 0.49 6 356 394 332 438 340 447 391 447 397 438 379 394
0 0.87 0.4 0.49 6 421 396 398 439 405 448 455 448 463 441 444 397
0 0.58 0.13 0.228 7 252 270 265 269 277 270 280 295 265 296 252 295 247 283 контур левого уха
0 0.87 0.4 0.49 7 254 272 265 271 275 272 280 294 264 294 254 292 250 283 левое ухо
0 0.58 0.13 0.228 6 505 243 515 235 525 231 532 242 534 252 515 270 контур правого уха
0 0.87 0.4 0.49 6 507 245 517 237 524 234 529 240 531 250 515 268 правое